../../../../Acceleration/Day1/p40/Date_7_Participant_40_Speed_Date_Part_1_31110.csv